1806  -1.00   0.78  -4.99  -4.82
1807   0.19  -0.82  -4.75  -4.83
1808  -0.12  -0.43  -4.66  -4.80
1809  -0.22  -0.68  -4.94  -4.90
1810  -0.35  -0.69  -4.99  -5.08
1811  -0.39  -0.18  -5.18  -5.25
1812  -0.54   0.24  -5.01  -4.81
1813  -0.51  -0.64  -4.81  -5.24
1814   0.11  -0.31  -5.02  -4.70
1815  -1.22   0.55  -5.32  -4.72
1816   0.56   0.39  -4.82  -4.57
1817   0.11  -0.57  -4.91  -4.91
1818   1.00   0.32  -4.71  -4.86
1819  -0.03   0.53  -5.07  -4.60
1820   0.67   0.37  -4.41  -4.43
1821   1.23   0.19  -4.37  -4.56
1822  -0.61   0.80  -5.20  -4.47
1823  -0.65   0.68  -5.11  -4.36
1824  -0.75  -0.40  -5.25  -5.04
1825  -0.07  -0.50  -5.18  -5.18
1826  -0.09  -0.40  -5.11  -4.96
1827  -0.01  -0.72  -5.00  -4.88
1828  -0.28  -0.89  -5.04  -5.14
1829  -0.17  -0.78  -5.25  -4.97
1830  -0.15   0.92  -5.12  -4.65
1831   0.05  -0.41  -5.06  -4.91
1832   0.19  -0.56  -4.82  -4.75
1833  -0.35   1.73  -4.58  -4.16
1834  -0.48   1.37  -5.16  -4.58
1835   0.12   0.42  -4.74  -4.63
1836   0.28   1.37  -4.78  -4.52
1837   0.45   1.04  -4.57  -4.61
1838   0.63   1.85  -4.38  -4.38
1839   1.50   1.33  -4.24  -4.53
1840   0.31   1.87  -4.48  -4.50
1841  -0.81   2.43  -5.05  -4.37
1842  -0.11  -0.18  -4.80  -4.83
1843  -0.62   0.88  -4.99  -4.65
1844   2.16   1.44  -4.39  -5.24
1845   0.42   2.19  -4.63  -4.30
1846   0.72  -0.20  -4.39  -4.83
1847   2.57   0.05  -4.21  -4.90
1848   1.63   2.48  -4.27  -4.07
1849   0.17   2.12  -4.48  -4.13
1850   0.20   1.82  -4.75  -4.31
1851   0.25   0.23  -4.51  -4.77
1852  -0.39   1.24  -4.38  -4.43
1853   0.94  -0.59  -4.34  -4.80
1854  -0.04   0.50  -4.71  -4.62
1855  -0.21   0.12  -4.70  -4.76
1856   0.08  -0.37  -4.50  -5.06
1857  -1.03  -0.08  -5.22  -5.09
1858  -1.43  -0.53  -5.23  -5.17
1859  -0.46   0.40  -4.75  -4.89
1860   0.52  -0.86  -4.51  -5.00
1861  -0.63   0.77  -5.03  -4.72
1862   0.55   0.60  -4.61  -4.63
1863   1.04   0.36  -4.26  -4.81
1864   0.42   0.22  -4.82  -4.73
1865   0.13  -0.10  -4.75  -4.71
1866  -0.06  -0.40  -4.80  -5.11
1867   0.83   0.19  -5.04  -5.11
1868  -1.05  -0.35  -5.38  -4.91
1869   0.41  -0.55  -5.12  -5.19
1870  -0.37   1.38  -5.48  -5.08
1871  -0.29   1.97  -5.59  -4.90
1872   0.58   0.30  -5.08  -5.32
1873   0.19   0.48  -5.07  -5.16
1874   0.40  -0.29  -4.89  -5.20
1875  -1.06  -0.31  -5.34  -5.32
1876  -0.68   0.19  -5.19  -5.00
1877  -0.82   1.06  -4.93  -4.96
1878   0.85   0.98  -4.78  -4.91
1879  -0.33  -0.51  -5.47  -5.28
1880   0.22   1.94  -5.25  -5.08
1881  -0.23   0.06  -5.33  -5.08
1882   0.52   0.43  -5.29  -5.29
1883   0.18   1.64  -5.25  -4.68
1884  -0.20   1.20  -5.30  -4.91
1885  -0.03   0.15  -5.10  -5.02
1886   0.26   0.33  -5.22  -5.13
1887  -0.13   0.37  -5.47  -4.98
1888  -0.66  -0.31  -5.58  -5.22
1889  -0.69   0.87  -5.08  -5.24
1890  -0.71   0.02  -5.48  -5.23
1891  -0.80  -0.10  -5.46  -5.14
1892  -0.20  -0.19  -5.31  -5.12
1893   0.07   0.00  -5.45  -5.05
1894  -0.18   0.12  -5.40  -4.99
1895  -1.17   0.86  -5.75  -4.68
1896  -0.05   0.84  -5.07  -4.95
1897  -0.53  -0.04  -5.12  -5.14
1898   0.08   0.15  -5.15  -5.33
1899   0.78   0.01  -4.99  -4.97
1900  -1.31  -0.43  -5.05  -4.98
1901  -0.60   0.34  -5.32  -4.99
1902   0.07   0.16  -4.90  -4.87
1903  -0.08  -0.57  -5.00  -5.12
1904  -0.10  -0.40  -5.32  -5.05
1905  -0.15   0.35  -5.21  -4.66
1906   0.34  -0.18  -5.05  -5.31
1907  -0.18   0.36  -5.30  -5.04
1908  -0.86   0.88  -5.52  -5.47
1909  -0.88  -0.49  -5.47  -5.28
1910  -0.51   0.33  -5.45  -4.98
1911  -0.32  -0.22  -5.33  -5.04
1912  -0.44   0.38  -5.15  -4.87
1913  -0.98   0.20  -4.91  -4.84
1914  -0.43   0.60  -5.22  -4.92
1915  -0.54   0.44  -5.09  -4.90
1916  -0.38   0.89  -5.46  -5.11
1917  -1.04  -0.54  -5.34  -5.08
1918  -0.53   0.03  -5.26  -4.75
1919  -0.92  -0.01  -5.09  -5.17
1920  -0.81  -0.51  -5.48  -5.09
1921  -1.05   0.38  -5.35  -4.94
1922  -0.32  -0.06  -5.14  -5.11
1923  -0.07   0.20  -5.01  -5.09
1924  -0.75   0.75  -5.33  -4.84
1925  -0.11  -0.37  -5.36  -5.30
1926  -0.06  -0.47  -4.90  -5.28
1927  -0.62   0.43  -5.15  -5.15
1928  -0.39   0.06  -5.15  -4.97
1929  -0.12  -0.78  -5.16  -5.07
1930  -0.30  -0.45  -5.19  -4.80
1931  -0.15   1.05  -5.15  -5.01
1932  -0.64   0.80  -5.22  -5.02
1933  -0.57  -0.40  -5.32  -5.43
1934  -0.76  -0.51  -5.19  -5.14
1935  -0.83  -0.15  -5.23  -4.99
1936  -0.44   0.83  -5.21  -4.74
1937  -1.19  -0.94  -5.28  -5.02
1938  -0.82  -0.47  -5.36  -5.11
1939  -0.77  -0.26  -5.31  -5.00
1940  -1.09   0.12  -4.75  -4.85
1941  -0.76   0.39  -5.15  -4.64
1942   0.77   1.08  -4.99  -4.66
1943  -0.38   1.22  -5.32  -4.96
1944  -0.33   1.58  -5.24  -5.04
1945   0.82   1.24  -5.03  -4.86
1946  -1.05  -0.49  -5.18  -5.19
1947  -0.49   0.05  -5.18  -4.80
1948  -0.73  -0.82  -5.47  -5.41
1949  -0.73  -0.93  -5.06  -5.53
1950  -0.86  -0.42  -5.20  -5.14
1951  -1.55  -0.67  -5.39  -5.16
1952  -1.29  -0.48  -5.05  -5.13
1953  -0.66  -0.54  -5.03  -4.82
1954  -0.42  -0.60  -5.00  -5.06
1955  -1.39   1.00  -5.30  -4.58
1956   1.16   0.13  -4.44  -4.84
1957  -1.16   0.05  -4.77  -4.74
1958  -0.71  -0.30  -4.83  -4.98
1959   0.32   1.02  -5.01  -4.35
1960   0.14   0.38  -5.06  -4.84
1961  -1.14   0.50  -5.42  -5.10
1962  -0.71  -0.46  -5.36  -5.10
1963  -0.74   0.28  -5.35  -4.78
1964  -0.41   0.10  -5.00  -4.88
1965  -0.42   1.55  -5.14  -4.65
1966  -0.41   0.64  -4.99  -4.56
1967  -0.05   0.18  -5.19  -4.91
1968  -0.62   0.55  -5.19  -4.78
1969  -0.42   0.19  -5.20  -4.72
1970  -0.47   0.40  -5.10  -4.97
1971  -0.36   0.36  -5.11  -4.90
1972  -0.15   1.26  -4.90  -4.61
1973  -0.15   0.28  -4.96  -4.83
1974  -0.06   0.56  -5.10  -4.79
1975  -1.51  -0.33  -5.34  -5.00
1976  -0.64  -0.05  -5.40  -4.91
1977  -0.41  -0.21  -5.19  -4.79
1978  -0.57  -1.05  -5.14  -4.87
1979  -0.37  -0.07  -4.69  -4.72
